1,1167,520.62,113.60,30.20,124.09,1,-1,-1,-1
1,1166,437.16,94.92,85.08,237.23,1,-1,-1,-1
1,1165,100.81,87.25,56.32,224.15,1,-1,-1,-1
1,1164,181.39,89.67,75.92,245.93,1,-1,-1,-1
1,1163,570.79,80.83,68.21,203.59,1,-1,-1,-1
1,1162,340.83,79.50,87.66,244.25,1,-1,-1,-1
2,1168,327.72,124.83,24.34,96.08,1,-1,-1,-1
2,1167,522.01,104.48,35.70,132.38,1,-1,-1,-1
2,1166,445.49,100.46,72.20,217.81,1,-1,-1,-1
2,1165,97.09,83.23,58.39,232.22,1,-1,-1,-1
2,1164,186.49,89.57,69.89,234.79,1,-1,-1,-1
2,1163,573.60,82.08,65.72,200.38,1,-1,-1,-1
2,1162,349.81,89.32,86.32,241.18,1,-1,-1,-1
3,1167,516.16,113.42,34.87,132.55,1,-1,-1,-1
3,1166,446.62,84.82,75.38,222.43,1,-1,-1,-1
3,1165,89.60,89.99,64.83,230.09,1,-1,-1,-1
3,1164,188.34,80.80,78.94,242.39,1,-1,-1,-1
3,1163,568.70,82.65,69.05,201.25,1,-1,-1,-1
3,1162,350.80,80.38,91.28,248.43,1,-1,-1,-1
4,1167,511.81,110.54,36.79,137.96,1,-1,-1,-1
4,1166,453.28,85.77,76.18,225.90,1,-1,-1,-1
4,1165,82.75,95.98,68.74,232.37,1,-1,-1,-1
4,1164,190.06,85.40,77.19,230.38,1,-1,-1,-1
4,1163,568.98,84.24,69.07,197.43,1,-1,-1,-1
4,1162,351.66,75.02,92.86,249.43,1,-1,-1,-1
5,1167,511.93,109.80,39.74,139.98,1,-1,-1,-1
5,1166,455.61,88.70,82.95,236.97,1,-1,-1,-1
5,1165,74.35,95.20,72.70,227.60,1,-1,-1,-1
5,1164,192.94,83.53,76.35,224.65,1,-1,-1,-1
5,1163,567.82,88.43,62.87,191.84,1,-1,-1,-1
5,1162,354.25,73.55,97.82,251.85,1,-1,-1,-1
6,1166,451.96,79.37,88.93,245.58,1,-1,-1,-1
6,1165,63.08,87.79,78.48,232.90,1,-1,-1,-1
6,1164,203.76,87.78,75.69,221.26,1,-1,-1,-1
6,1163,564.51,86.93,67.10,199.21,1,-1,-1,-1
6,1162,358.02,79.06,98.08,246.52,1,-1,-1,-1
7,1166,459.21,76.34,86.39,243.57,1,-1,-1,-1
7,1165,55.48,90.84,84.81,235.49,1,-1,-1,-1
7,1164,210.40,95.86,76.21,215.13,1,-1,-1,-1
7,1163,562.39,88.69,68.26,197.98,1,-1,-1,-1
7,1162,362.25,82.54,96.00,241.47,1,-1,-1,-1
8,1166,467.48,80.97,80.39,238.81,1,-1,-1,-1
8,1165,48.31,96.44,86.06,233.79,1,-1,-1,-1
8,1164,213.33,97.41,82.74,221.07,1,-1,-1,-1
8,1163,559.07,89.90,70.96,198.65,1,-1,-1,-1
8,1162,362.77,80.12,94.46,237.83,1,-1,-1,-1
9,1170,173.66,86.36,51.39,172.63,1,-1,-1,-1
9,1166,464.74,78.64,83.18,242.32,1,-1,-1,-1
9,1165,42.55,96.28,82.52,227.65,1,-1,-1,-1
9,1164,219.54,102.22,82.24,216.61,1,-1,-1,-1
9,1163,558.23,91.83,72.17,196.33,1,-1,-1,-1
9,1162,365.62,85.61,91.22,234.84,1,-1,-1,-1
10,1170,175.15,87.88,50.77,170.23,1,-1,-1,-1
10,1166,466.54,77.31,80.92,241.60,1,-1,-1,-1
10,1165,40.87,95.97,74.97,227.17,1,-1,-1,-1
10,1164,225.48,98.87,80.38,216.51,1,-1,-1,-1
10,1163,556.50,88.90,75.30,197.58,1,-1,-1,-1
10,1162,371.26,86.25,89.10,236.02,1,-1,-1,-1
11,1170,174.39,89.30,51.92,171.57,1,-1,-1,-1
11,1166,468.42,80.48,80.25,241.09,1,-1,-1,-1
11,1165,36.93,98.72,69.87,221.71,1,-1,-1,-1
11,1164,229.49,101.46,80.58,214.82,1,-1,-1,-1
11,1163,554.86,88.88,76.32,195.21,1,-1,-1,-1
11,1162,372.17,82.66,92.23,236.16,1,-1,-1,-1
12,1170,173.06,89.46,51.07,167.71,1,-1,-1,-1
12,1166,472.07,85.71,80.93,238.28,1,-1,-1,-1
12,1165,28.85,92.26,67.85,220.15,1,-1,-1,-1
12,1164,234.44,101.15,81.44,218.31,1,-1,-1,-1
12,1163,557.65,86.51,74.58,196.37,1,-1,-1,-1
12,1162,375.78,84.26,90.73,235.99,1,-1,-1,-1
13,1170,175.29,87.72,52.01,170.45,1,-1,-1,-1
13,1166,471.77,86.34,79.94,236.05,1,-1,-1,-1
13,1165,25.45,96.50,65.91,220.78,1,-1,-1,-1
13,1164,233.11,91.87,82.47,222.51,1,-1,-1,-1
13,1163,556.63,86.65,73.48,195.56,1,-1,-1,-1
13,1162,379.60,80.34,87.21,235.50,1,-1,-1,-1
14,1170,176.33,89.39,49.63,164.50,1,-1,-1,-1
14,1166,476.06,84.09,84.48,239.85,1,-1,-1,-1
14,1165,25.25,102.23,64.58,220.05,1,-1,-1,-1
14,1164,236.20,94.35,80.30,220.61,1,-1,-1,-1
14,1163,555.41,88.56,71.43,192.89,1,-1,-1,-1
14,1162,381.20,76.37,90.85,240.98,1,-1,-1,-1
15,1170,176.34,94.06,46.27,158.74,1,-1,-1,-1
15,1166,475.92,90.34,87.26,231.70,1,-1,-1,-1
15,1165,14.20,99.28,71.50,222.61,1,-1,-1,-1
15,1164,242.50,95.11,78.38,218.23,1,-1,-1,-1
15,1163,549.02,94.78,71.27,186.82,1,-1,-1,-1
15,1162,386.19,79.55,91.56,238.74,1,-1,-1,-1
16,1170,175.04,92.86,46.06,161.05,1,-1,-1,-1
16,1166,480.07,91.35,86.48,229.54,1,-1,-1,-1
16,1165,12.18,95.98,69.20,224.51,1,-1,-1,-1
16,1164,246.85,95.63,76.33,214.11,1,-1,-1,-1
16,1163,547.21,94.50,75.18,180.83,1,-1,-1,-1
16,1162,388.03,82.50,92.63,240.97,1,-1,-1,-1
17,1170,174.83,90.16,47.15,161.94,1,-1,-1,-1
17,1166,479.84,88.04,85.69,229.41,1,-1,-1,-1
17,1165,6.07,100.48,71.98,226.00,1,-1,-1,-1
17,1164,250.07,95.74,76.18,211.92,1,-1,-1,-1
17,1163,543.01,96.60,75.95,180.85,1,-1,-1,-1
17,1162,388.28,81.78,95.18,240.99,1,-1,-1,-1
18,1170,173.39,90.27,47.11,168.98,1,-1,-1,-1
18,1166,484.84,85.43,90.11,230.60,1,-1,-1,-1
18,1165,1.89,98.48,71.68,225.15,1,-1,-1,-1
18,1164,254.79,97.96,75.01,210.89,1,-1,-1,-1
18,1163,545.86,98.40,78.73,174.81,1,-1,-1,-1
18,1162,388.86,84.47,93.07,241.48,1,-1,-1,-1
19,1170,174.99,91.20,45.09,165.41,1,-1,-1,-1
19,1166,489.30,84.90,96.15,237.33,1,-1,-1,-1
19,1165,-0.57,96.98,70.44,225.68,1,-1,-1,-1
19,1164,256.78,93.42,76.74,211.95,1,-1,-1,-1
19,1163,543.41,94.94,80.96,166.06,1,-1,-1,-1
19,1162,392.25,84.17,90.77,242.16,1,-1,-1,-1
20,1170,178.03,85.86,47.33,164.57,1,-1,-1,-1
20,1166,493.84,85.08,97.39,238.53,1,-1,-1,-1
20,1165,-1.79,95.26,69.37,229.65,1,-1,-1,-1
20,1164,261.43,93.13,78.10,212.45,1,-1,-1,-1
20,1163,562.57,103.49,72.41,158.17,1,-1,-1,-1
20,1162,391.10,85.66,96.50,239.33,1,-1,-1,-1
21,1170,176.39,86.31,46.24,165.16,1,-1,-1,-1
21,1166,498.10,87.01,95.07,236.09,1,-1,-1,-1
21,1165,-3.54,97.56,66.98,233.62,1,-1,-1,-1
21,1164,259.25,97.95,78.46,211.07,1,-1,-1,-1
21,1163,575.58,106.58,60.67,149.86,1,-1,-1,-1
21,1162,392.78,86.99,95.37,238.83,1,-1,-1,-1
22,1170,175.91,86.67,46.01,163.24,1,-1,-1,-1
22,1166,501.40,82.71,95.55,234.46,1,-1,-1,-1
22,1165,-5.12,102.52,60.99,233.81,1,-1,-1,-1
22,1164,261.75,97.75,79.88,206.13,1,-1,-1,-1
22,1163,583.68,110.06,53.29,142.85,1,-1,-1,-1
22,1162,397.99,84.98,96.99,234.44,1,-1,-1,-1
23,1170,176.20,84.68,45.31,162.64,1,-1,-1,-1
23,1166,504.23,79.60,94.79,235.41,1,-1,-1,-1
23,1165,-4.72,108.86,56.61,227.67,1,-1,-1,-1
23,1164,268.88,101.03,74.90,205.43,1,-1,-1,-1
23,1163,587.50,110.02,48.74,137.03,1,-1,-1,-1
23,1162,404.36,85.32,94.44,232.90,1,-1,-1,-1
24,1170,176.47,83.20,44.94,163.03,1,-1,-1,-1
24,1166,504.13,77.68,92.36,233.54,1,-1,-1,-1
24,1164,276.83,98.00,76.64,208.19,1,-1,-1,-1
24,1163,586.38,109.68,46.09,133.08,1,-1,-1,-1
24,1162,407.44,79.81,95.41,234.01,1,-1,-1,-1
25,1170,176.33,88.02,45.35,159.00,1,-1,-1,-1
25,1166,508.39,79.74,90.23,234.20,1,-1,-1,-1
25,1164,280.43,100.18,73.60,207.73,1,-1,-1,-1
25,1163,582.79,113.18,48.03,130.81,1,-1,-1,-1
25,1162,411.51,82.76,92.90,232.11,1,-1,-1,-1
26,1170,176.43,92.33,45.31,155.19,1,-1,-1,-1
26,1166,509.76,81.24,88.70,226.67,1,-1,-1,-1
26,1164,280.73,98.16,75.77,202.95,1,-1,-1,-1
26,1163,581.53,112.01,48.99,134.18,1,-1,-1,-1
26,1162,417.83,82.12,91.76,230.57,1,-1,-1,-1
27,1170,174.64,88.99,48.17,155.96,1,-1,-1,-1
27,1166,510.74,83.85,89.30,221.83,1,-1,-1,-1
27,1164,284.64,94.93,78.95,203.75,1,-1,-1,-1
27,1163,578.38,108.69,51.63,139.92,1,-1,-1,-1
27,1162,417.94,81.35,91.68,233.87,1,-1,-1,-1
28,1170,175.48,93.38,46.93,154.64,1,-1,-1,-1
28,1166,515.28,90.42,95.47,217.40,1,-1,-1,-1
28,1164,291.52,95.36,75.80,204.94,1,-1,-1,-1
28,1162,423.64,81.85,92.01,232.31,1,-1,-1,-1
29,1170,173.97,89.84,48.64,159.41,1,-1,-1,-1
29,1166,513.44,95.43,104.30,215.93,1,-1,-1,-1
29,1164,299.65,96.75,76.15,204.43,1,-1,-1,-1
29,1162,424.66,82.75,89.82,233.25,1,-1,-1,-1
30,1170,173.65,90.53,49.51,160.30,1,-1,-1,-1
30,1166,510.74,98.47,111.54,214.03,1,-1,-1,-1
30,1164,302.50,94.77,79.10,202.23,1,-1,-1,-1
30,1162,432.28,84.94,88.60,229.14,1,-1,-1,-1
31,1170,173.82,92.25,50.27,158.40,1,-1,-1,-1
31,1166,517.52,99.36,104.47,213.13,1,-1,-1,-1
31,1164,303.70,93.63,78.38,202.90,1,-1,-1,-1
31,1163,593.48,149.32,35.64,103.73,1,-1,-1,-1
31,1162,434.20,86.43,87.44,227.87,1,-1,-1,-1
32,1173,497.30,80.92,38.53,74.57,1,-1,-1,-1
32,1170,173.85,87.95,50.64,161.06,1,-1,-1,-1
32,1166,523.27,98.32,99.45,214.35,1,-1,-1,-1
32,1164,308.15,93.42,75.92,205.18,1,-1,-1,-1
32,1162,438.65,82.64,87.40,228.14,1,-1,-1,-1
33,1173,495.12,81.24,44.66,63.92,1,-1,-1,-1
33,1170,175.20,90.94,48.38,162.63,1,-1,-1,-1
33,1166,531.32,95.92,94.49,216.40,1,-1,-1,-1
33,1164,312.10,94.19,75.20,205.18,1,-1,-1,-1
33,1162,445.91,87.15,96.62,218.81,1,-1,-1,-1
34,1170,175.78,90.86,46.39,162.42,1,-1,-1,-1
34,1166,536.40,91.31,88.57,218.74,1,-1,-1,-1
34,1164,317.42,94.76,76.72,203.18,1,-1,-1,-1
34,1162,449.95,93.62,98.83,215.82,1,-1,-1,-1
35,1170,176.14,92.10,46.07,158.82,1,-1,-1,-1
35,1166,546.05,88.06,88.30,219.45,1,-1,-1,-1
35,1164,321.56,100.89,77.32,202.45,1,-1,-1,-1
35,1162,451.63,88.64,97.46,218.32,1,-1,-1,-1
36,1170,176.32,94.14,44.45,156.71,1,-1,-1,-1
36,1166,544.94,89.66,87.93,223.11,1,-1,-1,-1
36,1164,319.46,99.72,81.57,201.48,1,-1,-1,-1
36,1162,449.64,84.11,100.78,217.18,1,-1,-1,-1
37,1170,174.33,95.90,47.21,156.93,1,-1,-1,-1
37,1166,543.07,85.57,89.46,224.80,1,-1,-1,-1
37,1164,324.41,93.56,84.10,203.77,1,-1,-1,-1
37,1162,447.94,86.87,100.17,218.47,1,-1,-1,-1
38,1170,176.49,94.11,47.18,157.11,1,-1,-1,-1
38,1166,552.57,87.54,84.25,225.20,1,-1,-1,-1
38,1164,329.18,98.11,80.53,199.87,1,-1,-1,-1
38,1162,446.83,85.76,99.26,218.63,1,-1,-1,-1
39,1170,177.45,98.48,46.52,154.50,1,-1,-1,-1
39,1166,552.14,83.34,84.93,221.73,1,-1,-1,-1
39,1164,332.09,99.50,80.53,199.86,1,-1,-1,-1
39,1162,446.89,87.12,99.45,217.87,1,-1,-1,-1
40,1170,177.40,98.87,47.54,157.56,1,-1,-1,-1
40,1166,556.28,83.21,81.44,220.91,1,-1,-1,-1
40,1164,338.00,98.83,74.89,198.26,1,-1,-1,-1
40,1162,452.52,84.12,98.87,217.31,1,-1,-1,-1
41,1170,173.75,94.27,49.63,157.64,1,-1,-1,-1
41,1166,558.52,85.98,79.54,220.84,1,-1,-1,-1
41,1164,344.21,97.39,73.15,201.81,1,-1,-1,-1
41,1162,458.47,86.74,97.55,215.32,1,-1,-1,-1
42,1170,172.99,92.18,51.12,156.81,1,-1,-1,-1
42,1166,558.82,86.67,77.62,218.95,1,-1,-1,-1
42,1164,348.67,98.81,70.68,200.78,1,-1,-1,-1
42,1162,461.97,90.39,96.40,214.99,1,-1,-1,-1
43,1176,439.28,116.23,29.75,121.68,1,-1,-1,-1
43,1170,175.01,92.86,51.65,158.15,1,-1,-1,-1
43,1166,561.31,88.42,76.13,220.48,1,-1,-1,-1
43,1164,354.17,99.25,67.81,198.21,1,-1,-1,-1
43,1162,464.78,84.30,95.06,215.51,1,-1,-1,-1
44,1176,438.60,117.32,32.28,127.26,1,-1,-1,-1
44,1170,172.89,94.21,49.82,156.62,1,-1,-1,-1
44,1166,564.44,90.29,75.30,221.82,1,-1,-1,-1
44,1164,356.70,96.72,65.93,196.88,1,-1,-1,-1
44,1162,462.17,87.09,96.38,211.92,1,-1,-1,-1
45,1176,436.18,113.37,35.73,135.81,1,-1,-1,-1
45,1170,172.52,94.48,48.83,158.04,1,-1,-1,-1
45,1166,568.29,93.05,73.13,220.21,1,-1,-1,-1
45,1164,361.02,97.41,66.05,198.54,1,-1,-1,-1
45,1162,466.57,91.66,96.20,215.28,1,-1,-1,-1
46,1176,432.96,112.11,38.24,142.72,1,-1,-1,-1
46,1170,171.44,88.76,50.51,159.47,1,-1,-1,-1
46,1166,567.14,94.36,70.75,221.98,1,-1,-1,-1
46,1164,361.79,98.88,67.22,192.90,1,-1,-1,-1
46,1162,465.81,91.12,99.93,216.89,1,-1,-1,-1
47,1176,430.22,107.84,39.11,154.48,1,-1,-1,-1
47,1170,175.36,91.81,49.60,158.35,1,-1,-1,-1
47,1166,569.95,90.67,69.89,225.98,1,-1,-1,-1
47,1164,368.59,100.56,67.59,190.93,1,-1,-1,-1
47,1162,466.98,89.58,99.27,221.41,1,-1,-1,-1
48,1176,435.65,103.54,40.66,167.26,1,-1,-1,-1
48,1170,171.16,91.75,51.25,157.52,1,-1,-1,-1
48,1166,574.02,87.45,67.28,228.55,1,-1,-1,-1
48,1164,369.54,103.68,71.87,190.11,1,-1,-1,-1
48,1162,467.76,91.92,104.12,221.96,1,-1,-1,-1
49,1176,448.37,101.28,45.40,179.49,1,-1,-1,-1
49,1170,174.18,90.91,50.34,157.47,1,-1,-1,-1
49,1166,577.89,77.12,64.57,236.86,1,-1,-1,-1
49,1164,374.79,102.44,68.58,188.39,1,-1,-1,-1
49,1162,475.57,92.43,105.24,224.01,1,-1,-1,-1
50,1176,449.16,97.66,49.18,193.81,1,-1,-1,-1
50,1170,172.41,91.45,51.28,160.36,1,-1,-1,-1
50,1166,577.80,68.27,62.01,246.72,1,-1,-1,-1
50,1164,380.15,103.11,69.16,187.77,1,-1,-1,-1
50,1162,481.38,96.44,104.70,217.09,1,-1,-1,-1
51,1176,449.11,93.37,49.33,196.91,1,-1,-1,-1
51,1170,172.24,94.22,48.95,158.98,1,-1,-1,-1
51,1166,583.09,74.63,58.83,247.11,1,-1,-1,-1
51,1164,383.11,104.74,69.81,184.03,1,-1,-1,-1
51,1162,488.83,94.19,104.60,218.27,1,-1,-1,-1
52,1176,441.63,92.75,54.03,193.65,1,-1,-1,-1
52,1170,172.84,95.60,46.37,158.87,1,-1,-1,-1
52,1166,581.23,74.75,56.56,244.27,1,-1,-1,-1
52,1164,385.75,103.36,72.47,182.95,1,-1,-1,-1
52,1162,491.31,91.44,102.49,217.70,1,-1,-1,-1
53,1170,173.13,95.67,45.90,157.48,1,-1,-1,-1
53,1166,582.79,66.99,54.71,241.50,1,-1,-1,-1
53,1164,393.71,101.78,81.15,182.79,1,-1,-1,-1
53,1162,497.66,90.47,97.96,216.77,1,-1,-1,-1
54,1170,173.31,97.46,45.77,160.43,1,-1,-1,-1
54,1166,584.90,67.96,52.82,228.30,1,-1,-1,-1
54,1164,394.92,95.15,84.92,186.27,1,-1,-1,-1
54,1162,503.02,90.16,97.91,214.40,1,-1,-1,-1
55,1170,172.85,95.57,44.96,156.49,1,-1,-1,-1
55,1166,589.25,73.20,48.45,209.15,1,-1,-1,-1
55,1164,399.17,100.83,83.74,185.99,1,-1,-1,-1
55,1162,509.65,90.66,97.64,216.30,1,-1,-1,-1
56,1170,174.79,99.84,45.76,158.46,1,-1,-1,-1
56,1166,587.52,76.59,46.77,193.81,1,-1,-1,-1
56,1164,401.84,96.69,88.79,189.18,1,-1,-1,-1
56,1162,510.77,87.84,97.21,216.48,1,-1,-1,-1
57,1170,172.88,97.73,46.33,157.96,1,-1,-1,-1
57,1166,586.20,85.66,50.36,153.80,1,-1,-1,-1
57,1164,405.77,92.28,87.47,192.31,1,-1,-1,-1
57,1162,513.55,91.45,93.90,213.33,1,-1,-1,-1
58,1170,175.92,89.80,46.43,157.03,1,-1,-1,-1
58,1166,587.79,90.38,45.80,134.44,1,-1,-1,-1
58,1164,407.38,95.61,87.65,193.30,1,-1,-1,-1
58,1162,516.15,87.38,90.35,211.98,1,-1,-1,-1
59,1170,173.85,90.91,46.77,156.26,1,-1,-1,-1
59,1166,591.55,97.91,41.11,118.77,1,-1,-1,-1
59,1164,404.90,99.56,89.95,193.43,1,-1,-1,-1
59,1162,524.32,89.54,88.17,212.47,1,-1,-1,-1
60,1177,594.76,176.26,31.12,77.84,1,-1,-1,-1
60,1170,175.94,87.54,47.32,157.43,1,-1,-1,-1
60,1164,407.30,95.87,90.88,193.58,1,-1,-1,-1
60,1162,527.80,89.62,85.07,209.40,1,-1,-1,-1
61,1177,594.69,181.03,29.38,70.38,1,-1,-1,-1
61,1170,172.03,89.51,47.92,155.91,1,-1,-1,-1
61,1164,406.52,94.90,90.89,194.48,1,-1,-1,-1
61,1162,537.03,94.39,81.57,202.54,1,-1,-1,-1
62,1177,594.03,184.63,27.92,64.00,1,-1,-1,-1
62,1170,174.72,86.13,48.68,156.63,1,-1,-1,-1
62,1164,405.61,96.68,87.94,194.58,1,-1,-1,-1
62,1162,540.00,95.57,77.28,200.58,1,-1,-1,-1
63,1177,587.51,163.82,35.07,82.82,1,-1,-1,-1
63,1170,172.91,85.48,50.73,156.48,1,-1,-1,-1
63,1164,412.14,96.16,83.74,196.72,1,-1,-1,-1
63,1162,542.38,92.15,76.45,202.75,1,-1,-1,-1
64,1170,174.53,85.46,50.02,154.03,1,-1,-1,-1
64,1164,418.57,98.72,84.26,194.64,1,-1,-1,-1
64,1162,546.11,90.45,75.64,200.81,1,-1,-1,-1
65,1170,171.52,83.95,50.74,157.81,1,-1,-1,-1
65,1164,423.56,97.15,81.56,191.69,1,-1,-1,-1
65,1162,548.77,92.97,75.90,201.66,1,-1,-1,-1
66,1178,394.99,82.04,82.29,210.59,1,-1,-1,-1
66,1170,169.30,83.92,52.12,159.42,1,-1,-1,-1
66,1162,550.69,93.87,75.83,202.63,1,-1,-1,-1
67,1178,392.66,84.26,76.67,205.78,1,-1,-1,-1
67,1170,169.28,89.37,51.50,160.50,1,-1,-1,-1
67,1162,553.04,94.27,76.53,200.91,1,-1,-1,-1
68,1178,389.63,84.56,67.93,197.73,1,-1,-1,-1
68,1170,170.28,90.07,50.37,159.76,1,-1,-1,-1
68,1162,555.88,88.75,75.79,201.16,1,-1,-1,-1
69,1178,383.02,88.04,68.57,196.64,1,-1,-1,-1
69,1170,173.17,88.85,49.76,162.99,1,-1,-1,-1
69,1164,445.18,94.54,65.47,186.66,1,-1,-1,-1
69,1162,555.27,91.85,78.52,200.77,1,-1,-1,-1
70,1178,378.96,89.72,66.21,193.88,1,-1,-1,-1
70,1170,169.12,93.46,49.12,163.86,1,-1,-1,-1
70,1164,448.86,97.75,61.65,187.18,1,-1,-1,-1
70,1162,557.99,95.94,78.73,197.12,1,-1,-1,-1
71,1178,383.05,82.91,62.03,193.01,1,-1,-1,-1
71,1170,168.25,90.82,48.30,162.69,1,-1,-1,-1
71,1164,451.53,96.83,60.30,186.23,1,-1,-1,-1
71,1162,560.38,95.49,78.68,199.81,1,-1,-1,-1
72,1178,384.13,92.88,60.95,188.15,1,-1,-1,-1
72,1170,172.24,89.62,48.05,163.79,1,-1,-1,-1
72,1164,454.27,97.07,58.22,186.87,1,-1,-1,-1
72,1162,562.30,92.16,78.03,203.27,1,-1,-1,-1
73,1178,384.47,90.25,58.84,186.75,1,-1,-1,-1
73,1170,175.58,87.26,46.81,163.53,1,-1,-1,-1
73,1164,458.27,96.11,59.18,184.94,1,-1,-1,-1
73,1162,561.01,88.49,78.46,206.58,1,-1,-1,-1
74,1178,381.37,93.17,58.97,184.03,1,-1,-1,-1
74,1170,174.47,86.95,47.94,163.71,1,-1,-1,-1
74,1164,464.12,95.88,61.90,183.68,1,-1,-1,-1
74,1162,564.48,84.41,76.65,210.37,1,-1,-1,-1
75,1178,380.15,95.97,59.29,181.76,1,-1,-1,-1
75,1170,174.70,88.15,49.25,161.73,1,-1,-1,-1
75,1164,465.73,96.08,62.15,181.82,1,-1,-1,-1
75,1162,562.75,84.64,77.24,210.49,1,-1,-1,-1
76,1178,376.56,94.79,61.87,178.48,1,-1,-1,-1
76,1170,173.23,81.56,51.02,165.06,1,-1,-1,-1
76,1164,467.14,101.25,61.44,181.10,1,-1,-1,-1
76,1162,561.32,84.24,78.03,210.79,1,-1,-1,-1
77,1178,373.52,94.95,63.63,180.14,1,-1,-1,-1
77,1170,179.33,83.17,50.36,166.83,1,-1,-1,-1
77,1164,468.82,98.09,61.13,179.14,1,-1,-1,-1
77,1162,563.38,93.12,76.94,205.58,1,-1,-1,-1
78,1178,372.27,98.19,62.97,177.24,1,-1,-1,-1
78,1170,178.09,82.95,51.80,165.51,1,-1,-1,-1
78,1164,470.05,98.40,66.78,176.63,1,-1,-1,-1
78,1162,564.30,97.13,74.99,202.01,1,-1,-1,-1
79,1178,370.88,102.26,62.68,175.06,1,-1,-1,-1
79,1170,176.53,83.81,51.36,164.54,1,-1,-1,-1
79,1164,469.96,101.98,67.12,174.56,1,-1,-1,-1
79,1162,560.80,91.66,76.92,200.31,1,-1,-1,-1
80,1178,370.31,103.16,59.24,171.25,1,-1,-1,-1
80,1170,177.70,87.17,51.63,165.70,1,-1,-1,-1
80,1164,477.36,96.59,66.78,174.63,1,-1,-1,-1
80,1162,566.98,98.15,72.44,198.02,1,-1,-1,-1
81,1180,553.51,97.54,36.89,120.78,1,-1,-1,-1
81,1178,369.79,104.39,59.32,169.25,1,-1,-1,-1
81,1170,180.00,85.08,51.91,166.18,1,-1,-1,-1
81,1164,483.10,95.34,65.72,175.82,1,-1,-1,-1
81,1162,569.76,99.42,69.36,195.13,1,-1,-1,-1
82,1180,552.55,99.21,32.62,98.48,1,-1,-1,-1
82,1178,367.88,104.84,58.61,166.17,1,-1,-1,-1
82,1170,177.53,87.22,57.16,167.84,1,-1,-1,-1
82,1164,481.04,92.64,67.00,175.31,1,-1,-1,-1
82,1162,574.06,96.71,65.60,194.32,1,-1,-1,-1
83,1180,550.64,101.82,28.87,85.22,1,-1,-1,-1
83,1178,367.82,106.41,60.07,163.26,1,-1,-1,-1
83,1170,175.22,88.21,58.58,167.47,1,-1,-1,-1
83,1164,486.04,94.67,66.88,175.96,1,-1,-1,-1
83,1162,573.81,101.27,62.60,189.55,1,-1,-1,-1
84,1180,554.40,103.74,26.06,65.83,1,-1,-1,-1
84,1178,360.34,99.58,62.93,160.71,1,-1,-1,-1
84,1170,175.94,89.61,59.04,166.66,1,-1,-1,-1
84,1164,489.23,102.17,66.07,173.32,1,-1,-1,-1
84,1162,585.77,96.63,56.55,193.83,1,-1,-1,-1
85,1178,358.58,102.48,59.97,159.53,1,-1,-1,-1
85,1170,176.71,88.70,59.20,165.74,1,-1,-1,-1
85,1164,492.25,106.29,64.70,170.77,1,-1,-1,-1
86,1181,553.34,113.25,50.60,163.29,1,-1,-1,-1
86,1178,352.48,104.10,59.10,162.39,1,-1,-1,-1
86,1170,178.15,85.38,60.05,165.03,1,-1,-1,-1
86,1164,496.72,105.63,65.57,171.99,1,-1,-1,-1
87,1183,393.77,110.98,47.81,135.37,1,-1,-1,-1
87,1182,613.06,96.58,25.85,95.73,1,-1,-1,-1
87,1181,551.29,110.06,50.94,161.80,1,-1,-1,-1
87,1178,351.17,101.03,58.39,164.86,1,-1,-1,-1
87,1170,180.17,85.51,60.23,164.36,1,-1,-1,-1
87,1164,500.27,103.85,67.41,169.41,1,-1,-1,-1
88,1183,397.35,107.07,45.74,133.20,1,-1,-1,-1
88,1182,613.84,95.18,24.48,89.85,1,-1,-1,-1
88,1178,346.70,101.06,60.05,169.28,1,-1,-1,-1
88,1170,177.23,87.61,59.48,164.71,1,-1,-1,-1
88,1164,510.94,105.98,75.97,163.93,1,-1,-1,-1
89,1183,397.07,112.81,44.14,132.76,1,-1,-1,-1
89,1178,345.18,100.26,58.81,171.58,1,-1,-1,-1
89,1170,179.81,88.30,59.35,164.63,1,-1,-1,-1
89,1164,512.75,106.78,79.38,167.80,1,-1,-1,-1
90,1183,397.96,113.24,42.50,131.96,1,-1,-1,-1
90,1178,344.33,99.08,58.34,170.12,1,-1,-1,-1
90,1170,181.27,85.80,60.02,166.84,1,-1,-1,-1
90,1164,513.70,106.92,81.23,167.73,1,-1,-1,-1
91,1183,397.54,111.95,41.54,131.66,1,-1,-1,-1
91,1178,341.21,93.71,56.22,171.02,1,-1,-1,-1
91,1170,182.35,83.40,60.58,166.24,1,-1,-1,-1
91,1164,516.48,103.77,80.93,169.74,1,-1,-1,-1
92,1183,397.18,114.28,41.55,128.58,1,-1,-1,-1
92,1178,338.77,97.35,58.00,170.22,1,-1,-1,-1
92,1170,179.03,82.30,60.84,164.34,1,-1,-1,-1
92,1164,517.92,97.00,80.98,168.59,1,-1,-1,-1
93,1183,395.01,107.79,42.17,131.92,1,-1,-1,-1
93,1178,335.16,102.46,63.80,165.06,1,-1,-1,-1
93,1170,181.86,85.93,60.72,165.47,1,-1,-1,-1
93,1164,520.95,96.17,79.39,172.43,1,-1,-1,-1
94,1183,393.97,110.07,44.73,129.35,1,-1,-1,-1
94,1178,329.72,102.46,69.12,162.58,1,-1,-1,-1
94,1170,182.43,82.88,61.15,166.07,1,-1,-1,-1
94,1164,523.95,96.34,75.96,175.30,1,-1,-1,-1
95,1183,391.83,110.40,43.97,130.87,1,-1,-1,-1
95,1178,326.41,107.02,66.66,162.97,1,-1,-1,-1
95,1170,185.20,83.17,58.54,165.26,1,-1,-1,-1
95,1164,524.44,98.15,79.12,173.59,1,-1,-1,-1
96,1183,392.93,110.78,42.15,129.43,1,-1,-1,-1
96,1178,324.89,109.27,63.78,159.74,1,-1,-1,-1
96,1170,184.18,80.66,59.61,167.52,1,-1,-1,-1
96,1164,525.28,97.36,76.54,172.64,1,-1,-1,-1
97,1183,396.81,111.26,39.32,127.55,1,-1,-1,-1
97,1178,322.33,103.73,69.06,161.22,1,-1,-1,-1
97,1170,184.83,82.21,59.15,168.03,1,-1,-1,-1
97,1164,523.49,102.42,81.18,166.68,1,-1,-1,-1
98,1183,396.65,108.09,40.86,128.97,1,-1,-1,-1
98,1178,320.31,100.42,71.15,162.40,1,-1,-1,-1
98,1170,185.64,84.44,58.46,166.37,1,-1,-1,-1
98,1164,521.22,108.74,87.49,159.46,1,-1,-1,-1
99,1183,394.39,111.35,42.02,129.72,1,-1,-1,-1
99,1178,318.92,95.43,71.68,164.36,1,-1,-1,-1
99,1170,186.41,85.03,57.91,164.58,1,-1,-1,-1
99,1164,535.57,109.85,80.84,158.52,1,-1,-1,-1
100,1183,392.34,112.41,43.45,130.48,1,-1,-1,-1
100,1178,317.73,95.84,67.63,170.62,1,-1,-1,-1
100,1170,186.59,86.45,57.63,162.92,1,-1,-1,-1
100,1164,540.75,108.37,75.78,161.63,1,-1,-1,-1
101,1183,391.29,108.68,43.60,135.22,1,-1,-1,-1
101,1178,317.14,92.29,64.10,170.33,1,-1,-1,-1
101,1170,187.32,88.57,56.97,162.86,1,-1,-1,-1
101,1164,541.76,108.18,76.85,160.40,1,-1,-1,-1
102,1188,503.76,134.00,52.04,134.43,1,-1,-1,-1
102,1183,391.17,109.31,45.90,133.13,1,-1,-1,-1
102,1178,313.15,93.13,64.05,172.00,1,-1,-1,-1
102,1170,188.35,91.56,54.99,161.38,1,-1,-1,-1
102,1164,544.16,104.75,79.45,162.89,1,-1,-1,-1
103,1188,496.63,137.47,51.75,132.97,1,-1,-1,-1
103,1183,388.45,105.17,47.63,133.91,1,-1,-1,-1
103,1178,312.01,94.45,64.37,171.41,1,-1,-1,-1
103,1170,189.18,94.09,53.29,161.51,1,-1,-1,-1
103,1164,550.71,104.51,74.26,165.06,1,-1,-1,-1
104,1188,493.60,132.67,55.36,131.88,1,-1,-1,-1
104,1183,386.79,106.55,51.21,133.85,1,-1,-1,-1
104,1178,311.23,89.32,64.48,171.42,1,-1,-1,-1
104,1170,188.22,90.47,52.94,161.84,1,-1,-1,-1
104,1164,555.87,103.23,69.53,168.95,1,-1,-1,-1
105,1188,490.89,123.46,56.63,143.26,1,-1,-1,-1
105,1183,385.81,105.88,54.30,135.99,1,-1,-1,-1
105,1178,309.87,78.67,62.95,176.96,1,-1,-1,-1
105,1170,187.01,89.57,53.68,160.44,1,-1,-1,-1
105,1164,567.65,100.85,62.85,171.40,1,-1,-1,-1
106,1188,487.22,117.73,65.18,146.14,1,-1,-1,-1
106,1183,382.87,108.60,54.53,134.84,1,-1,-1,-1
106,1178,312.77,78.45,57.86,176.76,1,-1,-1,-1
106,1170,186.33,89.57,53.62,160.41,1,-1,-1,-1
106,1164,576.31,99.11,58.98,171.98,1,-1,-1,-1
107,1188,480.34,115.04,68.74,149.15,1,-1,-1,-1
107,1183,380.71,110.00,54.50,134.67,1,-1,-1,-1
107,1178,311.10,82.06,56.11,176.51,1,-1,-1,-1
107,1170,186.51,94.85,52.99,161.16,1,-1,-1,-1
107,1164,577.47,98.35,57.56,172.89,1,-1,-1,-1
108,1188,474.11,115.79,78.93,145.92,1,-1,-1,-1
108,1183,379.50,111.29,54.29,134.80,1,-1,-1,-1
108,1178,309.98,83.27,54.78,176.56,1,-1,-1,-1
108,1170,186.63,95.35,52.67,161.15,1,-1,-1,-1
108,1164,581.08,103.94,57.58,169.85,1,-1,-1,-1
109,1188,471.69,112.82,79.52,149.45,1,-1,-1,-1
109,1183,380.05,110.94,53.89,134.34,1,-1,-1,-1
109,1178,308.49,73.20,55.54,186.84,1,-1,-1,-1
109,1170,187.72,98.63,51.85,162.48,1,-1,-1,-1
109,1164,581.74,102.19,57.35,169.42,1,-1,-1,-1
110,1188,466.19,117.33,82.75,147.33,1,-1,-1,-1
110,1183,379.59,112.06,54.61,134.35,1,-1,-1,-1
110,1178,309.78,64.23,52.96,193.30,1,-1,-1,-1
110,1170,187.07,91.70,54.88,167.79,1,-1,-1,-1
110,1164,581.50,103.97,57.73,168.79,1,-1,-1,-1
111,1190,519.56,121.11,48.81,139.17,1,-1,-1,-1
111,1188,459.27,118.72,83.04,147.58,1,-1,-1,-1
111,1183,381.92,111.57,56.45,134.07,1,-1,-1,-1
111,1178,310.81,67.13,53.31,194.99,1,-1,-1,-1
111,1170,185.65,86.58,57.35,174.20,1,-1,-1,-1
111,1164,582.47,104.09,57.52,167.46,1,-1,-1,-1
112,1190,512.50,115.04,54.31,142.76,1,-1,-1,-1
112,1188,453.76,117.42,80.89,147.16,1,-1,-1,-1
112,1183,385.41,112.52,54.19,133.44,1,-1,-1,-1
112,1178,310.83,67.65,51.34,196.12,1,-1,-1,-1
112,1170,185.55,84.62,58.74,174.90,1,-1,-1,-1
112,1164,586.74,101.27,55.12,170.74,1,-1,-1,-1
113,1190,507.53,106.74,54.15,145.59,1,-1,-1,-1
113,1188,453.36,120.18,72.74,145.69,1,-1,-1,-1
113,1183,385.66,113.07,54.56,131.45,1,-1,-1,-1
113,1178,311.88,68.55,50.22,194.63,1,-1,-1,-1
113,1170,185.59,88.07,56.93,169.06,1,-1,-1,-1
113,1164,590.74,97.33,52.16,174.19,1,-1,-1,-1
114,1190,512.65,104.70,51.05,139.09,1,-1,-1,-1
114,1188,452.24,122.20,65.68,141.65,1,-1,-1,-1
114,1183,388.24,112.26,54.39,132.01,1,-1,-1,-1
114,1178,310.63,75.33,49.45,190.23,1,-1,-1,-1
114,1170,186.25,86.88,55.19,167.48,1,-1,-1,-1
114,1164,591.09,99.87,50.90,172.92,1,-1,-1,-1
115,1190,511.11,107.42,52.21,132.49,1,-1,-1,-1
115,1188,450.94,127.83,61.49,140.06,1,-1,-1,-1
115,1183,388.10,116.16,52.63,130.28,1,-1,-1,-1
115,1178,307.21,80.25,53.26,183.12,1,-1,-1,-1
115,1170,186.34,87.32,54.37,167.15,1,-1,-1,-1
115,1164,597.08,103.45,46.29,172.43,1,-1,-1,-1
116,1190,511.73,108.01,51.84,132.99,1,-1,-1,-1
116,1188,450.94,137.43,59.06,136.01,1,-1,-1,-1
116,1183,390.84,117.09,51.23,129.24,1,-1,-1,-1
116,1178,303.94,82.52,54.72,177.21,1,-1,-1,-1
116,1170,186.67,89.98,54.10,164.52,1,-1,-1,-1
116,1164,597.89,98.71,43.99,167.11,1,-1,-1,-1
117,1190,506.61,111.77,52.16,133.65,1,-1,-1,-1
117,1188,447.61,129.98,54.75,137.06,1,-1,-1,-1
117,1183,390.84,113.15,51.14,131.87,1,-1,-1,-1
117,1178,307.04,84.29,54.99,177.03,1,-1,-1,-1
117,1170,186.94,86.84,55.21,162.75,1,-1,-1,-1
117,1164,599.18,94.95,42.44,163.38,1,-1,-1,-1
118,1190,504.43,113.46,51.66,137.15,1,-1,-1,-1
118,1188,447.31,128.11,52.47,138.60,1,-1,-1,-1
118,1183,392.10,115.34,49.33,130.52,1,-1,-1,-1
118,1178,302.73,85.84,52.40,174.74,1,-1,-1,-1
118,1170,186.99,88.84,55.80,162.23,1,-1,-1,-1
118,1164,600.99,89.46,40.65,159.45,1,-1,-1,-1
119,1190,503.15,111.42,51.48,140.40,1,-1,-1,-1
119,1188,441.97,119.16,50.10,142.51,1,-1,-1,-1
119,1183,395.36,113.65,52.36,133.09,1,-1,-1,-1
119,1178,302.77,85.10,49.57,175.27,1,-1,-1,-1
119,1170,187.31,88.19,56.73,163.38,1,-1,-1,-1
119,1164,602.15,88.70,39.22,153.02,1,-1,-1,-1
120,1190,496.76,109.70,51.34,142.26,1,-1,-1,-1
120,1188,439.23,115.65,48.10,145.40,1,-1,-1,-1
120,1183,393.98,112.87,53.22,132.93,1,-1,-1,-1
120,1178,301.43,81.71,48.83,178.70,1,-1,-1,-1
120,1170,189.27,89.90,56.57,162.61,1,-1,-1,-1
120,1164,603.81,93.50,37.53,150.99,1,-1,-1,-1
121,1190,502.99,111.15,48.92,140.99,1,-1,-1,-1
121,1188,440.38,123.77,44.37,141.96,1,-1,-1,-1
121,1183,393.31,110.35,53.37,134.43,1,-1,-1,-1
121,1178,299.50,82.47,49.01,180.46,1,-1,-1,-1
121,1170,189.58,89.39,56.61,161.67,1,-1,-1,-1
121,1164,605.44,96.33,35.84,147.72,1,-1,-1,-1
122,1190,497.43,109.61,48.92,136.69,1,-1,-1,-1
122,1188,438.27,120.93,43.73,142.20,1,-1,-1,-1
122,1183,391.91,111.34,52.17,134.50,1,-1,-1,-1
122,1178,299.76,79.23,49.69,182.59,1,-1,-1,-1
122,1170,193.39,89.65,57.73,165.83,1,-1,-1,-1
123,1190,496.06,107.59,48.01,137.54,1,-1,-1,-1
123,1188,436.66,120.05,43.16,148.25,1,-1,-1,-1
123,1183,392.02,108.17,53.03,137.81,1,-1,-1,-1
123,1178,297.18,82.20,51.31,180.80,1,-1,-1,-1
123,1170,190.88,92.15,58.75,161.51,1,-1,-1,-1
124,1190,496.42,107.29,49.52,134.72,1,-1,-1,-1
124,1188,432.44,116.06,44.10,148.84,1,-1,-1,-1
124,1183,392.68,107.49,53.66,136.94,1,-1,-1,-1
124,1178,294.95,86.39,53.85,177.65,1,-1,-1,-1
124,1170,190.62,91.31,58.44,160.44,1,-1,-1,-1
125,1190,493.87,111.92,49.44,133.96,1,-1,-1,-1
125,1188,427.42,120.18,45.57,146.46,1,-1,-1,-1
125,1183,391.53,107.57,53.33,137.19,1,-1,-1,-1
125,1178,295.63,86.87,53.92,175.64,1,-1,-1,-1
125,1170,191.50,91.86,58.17,159.73,1,-1,-1,-1
126,1190,488.77,111.26,51.02,141.14,1,-1,-1,-1
126,1183,396.77,117.62,57.11,138.07,1,-1,-1,-1
126,1178,294.10,89.43,55.89,176.73,1,-1,-1,-1
126,1170,193.11,94.22,58.45,160.72,1,-1,-1,-1
127,1190,486.13,113.53,58.40,141.44,1,-1,-1,-1
127,1178,292.28,87.27,55.67,177.71,1,-1,-1,-1
127,1170,195.60,90.79,58.78,163.80,1,-1,-1,-1
128,1190,482.02,108.38,56.75,139.51,1,-1,-1,-1
128,1178,291.18,84.18,56.63,176.03,1,-1,-1,-1
128,1170,195.38,90.04,58.77,163.75,1,-1,-1,-1
129,1190,481.07,112.96,60.55,137.25,1,-1,-1,-1
129,1188,402.97,125.69,62.49,141.06,1,-1,-1,-1
129,1178,290.04,82.57,59.87,178.07,1,-1,-1,-1
129,1170,195.74,87.68,58.55,164.34,1,-1,-1,-1
130,1190,476.88,113.73,60.14,138.38,1,-1,-1,-1
130,1188,398.04,123.26,65.64,139.42,1,-1,-1,-1
130,1178,290.76,82.44,62.07,176.79,1,-1,-1,-1
130,1170,193.80,89.92,58.47,164.49,1,-1,-1,-1
131,1190,472.59,115.53,62.03,140.86,1,-1,-1,-1
131,1188,396.65,125.81,61.98,141.98,1,-1,-1,-1
131,1178,288.39,88.13,62.42,172.82,1,-1,-1,-1
131,1170,193.11,90.74,57.33,160.24,1,-1,-1,-1
132,1190,469.70,118.05,64.37,138.03,1,-1,-1,-1
132,1188,398.18,120.89,57.94,143.26,1,-1,-1,-1
132,1178,285.89,89.38,63.71,169.17,1,-1,-1,-1
132,1170,193.20,90.43,56.48,160.37,1,-1,-1,-1
133,1190,469.58,114.68,64.73,139.36,1,-1,-1,-1
133,1188,396.91,119.11,56.64,143.97,1,-1,-1,-1
133,1178,284.71,92.11,64.34,169.50,1,-1,-1,-1
133,1170,193.78,92.52,55.61,159.08,1,-1,-1,-1
134,1190,467.34,113.04,64.94,141.29,1,-1,-1,-1
134,1188,394.40,116.40,55.56,143.36,1,-1,-1,-1
134,1178,285.11,95.18,61.92,170.20,1,-1,-1,-1
134,1170,190.70,90.33,55.04,160.78,1,-1,-1,-1
135,1190,468.51,112.63,63.53,139.07,1,-1,-1,-1
135,1188,394.31,111.10,57.02,146.61,1,-1,-1,-1
135,1178,285.20,96.63,63.16,168.02,1,-1,-1,-1
135,1170,192.81,93.70,52.94,163.34,1,-1,-1,-1
136,1190,464.97,114.37,61.98,142.85,1,-1,-1,-1
136,1188,392.36,113.05,58.09,150.04,1,-1,-1,-1
136,1178,283.31,95.88,63.06,168.49,1,-1,-1,-1
136,1170,195.02,89.70,53.86,163.64,1,-1,-1,-1
137,1190,462.87,113.60,60.83,140.28,1,-1,-1,-1
137,1188,390.28,112.07,58.90,149.13,1,-1,-1,-1
137,1178,280.49,96.67,60.55,164.27,1,-1,-1,-1
137,1170,194.79,88.41,53.79,162.82,1,-1,-1,-1
138,1190,466.10,112.80,59.36,140.84,1,-1,-1,-1
138,1188,390.21,116.88,58.54,148.87,1,-1,-1,-1
138,1178,279.89,100.11,61.19,164.17,1,-1,-1,-1
138,1170,194.06,88.13,52.87,162.97,1,-1,-1,-1
139,1192,2.21,105.42,60.86,142.52,1,-1,-1,-1
139,1190,464.02,113.53,60.09,141.20,1,-1,-1,-1
139,1188,386.81,119.52,61.27,148.23,1,-1,-1,-1
139,1178,277.59,100.44,60.51,163.72,1,-1,-1,-1
139,1170,191.99,87.91,55.21,169.67,1,-1,-1,-1
140,1192,4.54,90.61,59.75,153.95,1,-1,-1,-1
140,1190,460.42,116.83,60.83,141.14,1,-1,-1,-1
140,1188,383.68,119.86,61.61,145.18,1,-1,-1,-1
140,1178,275.50,97.76,59.54,160.90,1,-1,-1,-1
140,1170,187.29,87.49,56.36,171.95,1,-1,-1,-1
141,1192,10.03,82.93,61.49,172.55,1,-1,-1,-1
141,1190,461.20,119.36,59.92,139.68,1,-1,-1,-1
141,1188,381.58,117.97,61.65,144.94,1,-1,-1,-1
141,1178,274.58,98.78,57.04,158.71,1,-1,-1,-1
141,1170,188.98,85.22,54.40,168.63,1,-1,-1,-1
142,1192,10.86,92.20,62.80,181.05,1,-1,-1,-1
142,1190,460.87,119.85,59.32,146.05,1,-1,-1,-1
142,1188,381.42,118.66,62.12,145.48,1,-1,-1,-1
142,1178,272.60,96.70,55.20,160.54,1,-1,-1,-1
142,1170,190.17,85.61,52.29,164.94,1,-1,-1,-1
143,1192,12.30,97.60,62.05,181.94,1,-1,-1,-1
143,1190,459.97,116.67,57.50,145.83,1,-1,-1,-1
143,1188,382.49,115.86,65.84,146.14,1,-1,-1,-1
143,1178,268.80,92.22,53.70,162.55,1,-1,-1,-1
143,1170,187.06,88.30,54.04,162.37,1,-1,-1,-1
144,1192,13.89,105.59,60.14,177.87,1,-1,-1,-1
144,1190,457.15,115.25,58.91,145.64,1,-1,-1,-1
144,1188,380.27,116.07,69.12,147.33,1,-1,-1,-1
144,1178,265.76,92.54,54.83,162.19,1,-1,-1,-1
144,1170,188.50,90.72,52.64,162.36,1,-1,-1,-1
145,1192,19.27,108.26,58.29,174.73,1,-1,-1,-1
145,1190,460.47,112.42,58.13,143.36,1,-1,-1,-1
145,1188,378.60,118.71,70.49,144.79,1,-1,-1,-1
145,1178,268.72,89.60,54.63,165.99,1,-1,-1,-1
145,1170,188.54,87.79,51.02,161.97,1,-1,-1,-1
146,1192,24.52,109.91,58.95,174.96,1,-1,-1,-1
146,1190,461.30,112.10,55.18,141.93,1,-1,-1,-1
146,1188,384.87,118.81,71.55,144.93,1,-1,-1,-1
146,1178,268.48,88.72,53.84,166.75,1,-1,-1,-1
146,1170,190.23,87.10,50.05,163.73,1,-1,-1,-1
147,1192,23.96,112.01,62.11,176.74,1,-1,-1,-1
147,1190,461.07,110.89,54.43,142.90,1,-1,-1,-1
147,1188,393.91,117.19,66.36,145.39,1,-1,-1,-1
147,1178,266.40,89.57,54.51,168.31,1,-1,-1,-1
147,1170,188.24,85.15,50.41,168.42,1,-1,-1,-1
148,1192,24.71,112.77,66.41,178.31,1,-1,-1,-1
148,1190,457.88,114.59,53.11,144.22,1,-1,-1,-1
148,1188,396.62,112.12,59.40,144.12,1,-1,-1,-1
148,1178,264.56,89.73,53.07,165.34,1,-1,-1,-1
148,1170,189.10,85.83,48.21,169.76,1,-1,-1,-1
149,1194,362.28,141.91,49.02,122.60,1,-1,-1,-1
149,1192,27.85,111.35,69.97,182.58,1,-1,-1,-1
149,1190,455.22,115.42,53.53,145.24,1,-1,-1,-1
149,1188,400.21,112.69,54.96,144.45,1,-1,-1,-1
149,1178,263.35,89.56,51.85,162.29,1,-1,-1,-1
149,1170,188.75,82.27,46.33,168.97,1,-1,-1,-1
150,1194,361.65,130.98,47.57,127.56,1,-1,-1,-1
150,1192,30.89,109.22,69.83,186.34,1,-1,-1,-1
150,1190,456.06,114.80,54.99,145.33,1,-1,-1,-1
150,1188,403.96,114.16,52.77,142.96,1,-1,-1,-1
150,1178,263.79,88.15,50.24,160.62,1,-1,-1,-1
150,1170,188.50,83.14,44.74,171.28,1,-1,-1,-1
151,1194,359.20,124.57,46.53,133.60,1,-1,-1,-1
151,1192,35.82,104.92,66.69,186.04,1,-1,-1,-1
151,1190,457.05,115.24,55.13,146.55,1,-1,-1,-1
151,1188,403.26,117.63,50.98,143.82,1,-1,-1,-1
151,1178,264.08,87.88,48.68,158.26,1,-1,-1,-1
151,1170,188.18,84.15,43.80,173.25,1,-1,-1,-1
152,1194,356.81,117.29,42.02,128.88,1,-1,-1,-1
152,1192,41.21,108.17,62.13,184.83,1,-1,-1,-1
152,1190,455.31,116.24,54.85,145.53,1,-1,-1,-1
152,1188,406.88,119.40,49.52,144.15,1,-1,-1,-1
152,1178,263.74,88.98,50.09,157.29,1,-1,-1,-1
152,1170,188.98,82.76,43.42,174.51,1,-1,-1,-1
153,1194,354.62,118.38,41.03,130.24,1,-1,-1,-1
153,1192,45.69,106.55,62.22,184.23,1,-1,-1,-1
153,1190,451.89,115.78,53.82,147.65,1,-1,-1,-1
153,1188,402.70,116.93,53.47,142.99,1,-1,-1,-1
153,1178,262.12,93.34,47.39,160.26,1,-1,-1,-1
153,1170,189.80,83.71,42.95,174.54,1,-1,-1,-1
154,1194,359.36,117.29,40.47,132.22,1,-1,-1,-1
154,1192,52.87,107.84,60.03,184.24,1,-1,-1,-1
154,1190,454.38,112.26,55.49,148.48,1,-1,-1,-1
154,1188,406.94,115.57,52.30,141.75,1,-1,-1,-1
154,1178,262.62,95.49,45.29,160.89,1,-1,-1,-1
154,1170,189.75,83.84,42.34,174.87,1,-1,-1,-1
155,1194,359.19,113.61,39.82,137.23,1,-1,-1,-1
155,1192,58.95,103.48,58.19,185.32,1,-1,-1,-1
155,1190,449.10,112.06,54.85,148.00,1,-1,-1,-1
155,1188,404.05,115.84,55.68,144.89,1,-1,-1,-1
155,1178,261.74,92.11,44.86,162.75,1,-1,-1,-1
155,1170,191.69,80.88,44.91,174.59,1,-1,-1,-1
156,1194,357.92,116.46,40.66,142.72,1,-1,-1,-1
156,1192,65.81,103.19,55.60,184.86,1,-1,-1,-1
156,1190,449.42,110.09,52.99,147.42,1,-1,-1,-1
156,1188,402.26,116.20,54.70,145.70,1,-1,-1,-1
156,1178,259.79,91.60,43.87,159.98,1,-1,-1,-1
156,1170,191.22,83.47,44.17,171.66,1,-1,-1,-1
157,1194,352.83,118.06,41.84,144.61,1,-1,-1,-1
157,1192,68.11,107.46,57.70,181.41,1,-1,-1,-1
157,1190,445.96,110.26,51.21,147.44,1,-1,-1,-1
157,1188,403.66,115.42,53.00,144.01,1,-1,-1,-1
157,1178,262.01,94.45,44.08,162.81,1,-1,-1,-1
157,1170,191.13,82.66,43.74,168.92,1,-1,-1,-1
158,1194,348.47,116.04,43.83,142.06,1,-1,-1,-1
158,1192,75.70,106.78,59.33,184.28,1,-1,-1,-1
158,1190,449.01,111.32,48.16,146.79,1,-1,-1,-1
158,1188,402.31,118.03,52.03,144.34,1,-1,-1,-1
158,1178,262.56,96.11,43.34,162.66,1,-1,-1,-1
158,1170,192.73,85.67,43.86,167.95,1,-1,-1,-1
159,1194,344.70,114.37,45.35,144.83,1,-1,-1,-1
159,1192,78.71,102.87,60.10,183.31,1,-1,-1,-1
159,1190,445.60,113.84,49.39,145.89,1,-1,-1,-1
159,1188,403.83,116.43,52.28,147.75,1,-1,-1,-1
159,1178,261.19,93.21,43.12,163.60,1,-1,-1,-1
159,1170,190.89,86.08,44.27,163.81,1,-1,-1,-1
160,1194,344.27,119.37,44.81,145.31,1,-1,-1,-1
160,1192,81.02,100.56,60.28,173.79,1,-1,-1,-1
160,1190,442.39,113.95,52.82,146.31,1,-1,-1,-1
160,1188,400.66,118.63,52.20,146.50,1,-1,-1,-1
160,1178,261.82,95.73,43.29,162.79,1,-1,-1,-1
160,1170,192.53,86.88,44.61,164.32,1,-1,-1,-1
161,1194,342.57,118.75,46.36,147.24,1,-1,-1,-1
161,1192,86.53,100.74,58.84,171.80,1,-1,-1,-1
161,1190,440.55,116.29,53.79,142.78,1,-1,-1,-1
161,1188,399.99,117.16,51.08,145.48,1,-1,-1,-1
161,1178,261.52,93.09,44.01,164.84,1,-1,-1,-1
161,1170,193.73,86.45,44.79,162.35,1,-1,-1,-1
162,1194,341.09,119.02,46.94,148.48,1,-1,-1,-1
162,1192,88.50,100.38,59.69,172.92,1,-1,-1,-1
162,1190,436.47,116.84,61.44,142.74,1,-1,-1,-1
162,1188,401.46,116.78,50.37,149.47,1,-1,-1,-1
162,1178,261.59,94.89,44.82,162.07,1,-1,-1,-1
162,1170,193.77,86.38,45.20,164.26,1,-1,-1,-1
163,1194,342.22,115.96,44.75,144.71,1,-1,-1,-1
163,1192,96.48,91.24,60.44,180.69,1,-1,-1,-1
163,1190,437.02,117.67,59.38,143.27,1,-1,-1,-1
163,1188,397.38,115.63,51.26,149.06,1,-1,-1,-1
163,1178,262.27,94.54,43.95,161.15,1,-1,-1,-1
163,1170,192.92,86.32,46.22,163.24,1,-1,-1,-1
164,1194,340.27,118.40,44.00,144.47,1,-1,-1,-1
164,1192,97.83,89.69,62.52,182.39,1,-1,-1,-1
164,1190,439.44,116.37,56.59,140.35,1,-1,-1,-1
164,1188,396.79,118.49,50.17,147.71,1,-1,-1,-1
164,1178,262.09,92.32,43.92,164.14,1,-1,-1,-1
164,1170,192.66,89.14,48.44,162.07,1,-1,-1,-1
165,1194,337.39,114.16,42.63,144.51,1,-1,-1,-1
165,1192,106.97,92.91,61.06,183.81,1,-1,-1,-1
165,1190,437.91,115.35,55.59,139.89,1,-1,-1,-1
165,1188,396.67,113.85,49.46,145.91,1,-1,-1,-1
165,1178,263.17,91.34,44.77,161.95,1,-1,-1,-1
165,1170,191.13,87.09,48.75,165.16,1,-1,-1,-1
166,1194,338.14,113.69,42.28,146.39,1,-1,-1,-1
166,1192,105.48,96.78,62.76,181.73,1,-1,-1,-1
166,1190,435.53,118.64,55.42,139.82,1,-1,-1,-1
166,1188,394.75,114.33,51.35,145.80,1,-1,-1,-1
166,1178,261.79,93.00,44.24,159.53,1,-1,-1,-1
166,1170,191.15,86.88,49.62,165.36,1,-1,-1,-1
167,1194,337.82,114.36,41.60,144.26,1,-1,-1,-1
167,1192,107.02,95.00,64.97,183.48,1,-1,-1,-1
167,1190,434.83,118.24,54.08,139.85,1,-1,-1,-1
167,1188,393.25,115.65,49.02,146.63,1,-1,-1,-1
167,1178,260.13,87.18,45.83,161.29,1,-1,-1,-1
167,1170,190.38,86.21,49.38,165.92,1,-1,-1,-1
168,1194,336.21,113.25,41.58,141.55,1,-1,-1,-1
168,1192,108.14,93.39,67.20,187.46,1,-1,-1,-1
168,1190,435.00,119.27,52.22,145.42,1,-1,-1,-1
168,1188,392.07,116.66,47.12,145.64,1,-1,-1,-1
168,1178,260.87,88.56,46.27,159.47,1,-1,-1,-1
168,1170,190.19,83.83,49.58,168.11,1,-1,-1,-1
169,1194,332.43,116.52,44.93,138.20,1,-1,-1,-1
169,1192,114.98,97.24,64.55,187.77,1,-1,-1,-1
169,1190,435.27,118.48,53.68,145.72,1,-1,-1,-1
169,1188,390.32,116.97,47.17,146.76,1,-1,-1,-1
169,1178,261.37,88.46,46.04,158.07,1,-1,-1,-1
169,1170,190.60,84.79,48.78,167.03,1,-1,-1,-1
170,1194,332.80,116.86,43.76,134.64,1,-1,-1,-1
170,1192,117.80,95.91,63.34,185.98,1,-1,-1,-1
170,1190,435.07,113.05,54.57,148.49,1,-1,-1,-1
170,1188,388.70,114.34,49.51,146.51,1,-1,-1,-1
170,1178,261.31,88.56,46.18,158.82,1,-1,-1,-1
170,1170,190.39,85.92,48.94,165.00,1,-1,-1,-1
171,1194,328.76,120.24,46.17,135.75,1,-1,-1,-1
171,1192,123.86,85.60,60.59,191.25,1,-1,-1,-1
171,1190,430.48,114.68,56.02,148.01,1,-1,-1,-1
171,1188,387.38,114.90,50.84,147.47,1,-1,-1,-1
171,1178,259.05,87.78,47.53,165.13,1,-1,-1,-1
171,1170,191.49,88.29,49.67,166.36,1,-1,-1,-1
172,1194,327.41,119.56,47.22,137.32,1,-1,-1,-1
172,1192,127.40,85.51,58.20,192.68,1,-1,-1,-1
172,1190,425.87,113.45,55.61,152.06,1,-1,-1,-1
172,1188,383.20,113.38,50.85,146.73,1,-1,-1,-1
172,1178,259.81,88.24,47.75,162.08,1,-1,-1,-1
172,1170,192.69,85.01,49.12,170.36,1,-1,-1,-1
173,1194,326.45,119.25,47.56,136.39,1,-1,-1,-1
173,1192,128.78,78.59,58.20,195.68,1,-1,-1,-1
173,1190,423.95,110.49,58.91,150.81,1,-1,-1,-1
173,1188,382.77,113.41,50.42,144.36,1,-1,-1,-1
173,1178,258.21,87.47,49.90,162.40,1,-1,-1,-1
173,1170,189.02,89.96,49.52,166.30,1,-1,-1,-1
174,1194,325.56,117.05,44.65,135.48,1,-1,-1,-1
174,1192,123.97,71.91,60.21,202.74,1,-1,-1,-1
174,1190,422.55,113.02,57.70,153.64,1,-1,-1,-1
174,1188,379.45,114.48,50.74,147.37,1,-1,-1,-1
174,1178,256.44,87.33,51.61,164.47,1,-1,-1,-1
174,1170,187.41,90.21,50.03,167.97,1,-1,-1,-1
175,1194,325.82,121.21,44.31,133.43,1,-1,-1,-1
175,1192,132.08,77.17,57.97,197.93,1,-1,-1,-1
175,1190,425.64,112.51,56.44,154.34,1,-1,-1,-1
175,1188,375.07,117.86,50.68,144.67,1,-1,-1,-1
175,1178,256.66,86.10,51.54,165.73,1,-1,-1,-1
175,1170,189.64,93.73,49.04,164.73,1,-1,-1,-1
176,1194,325.55,118.71,44.88,132.44,1,-1,-1,-1
176,1192,140.43,83.20,58.21,196.17,1,-1,-1,-1
176,1190,425.16,112.80,55.22,155.46,1,-1,-1,-1
176,1188,374.55,115.47,50.88,143.16,1,-1,-1,-1
176,1178,256.43,85.36,51.79,166.29,1,-1,-1,-1
176,1170,192.07,92.49,45.99,162.85,1,-1,-1,-1
177,1194,325.13,116.00,45.07,135.17,1,-1,-1,-1
177,1192,144.45,80.48,59.79,197.07,1,-1,-1,-1
177,1190,420.39,111.06,60.12,156.64,1,-1,-1,-1
177,1188,376.44,116.54,50.58,142.24,1,-1,-1,-1
177,1178,255.76,82.04,52.55,170.44,1,-1,-1,-1
177,1170,194.96,89.65,43.92,161.36,1,-1,-1,-1
178,1194,324.47,113.01,44.75,138.34,1,-1,-1,-1
178,1192,144.92,87.87,65.08,195.87,1,-1,-1,-1
178,1190,420.54,109.46,57.57,157.30,1,-1,-1,-1
178,1188,370.43,116.32,55.75,142.76,1,-1,-1,-1
178,1178,257.36,84.26,48.75,171.60,1,-1,-1,-1
178,1170,195.08,90.73,43.23,157.92,1,-1,-1,-1
179,1194,323.26,113.28,45.04,138.45,1,-1,-1,-1
179,1192,150.74,88.12,71.53,191.77,1,-1,-1,-1
179,1190,420.27,110.79,57.00,156.61,1,-1,-1,-1
179,1188,370.03,114.55,55.28,146.17,1,-1,-1,-1
179,1178,257.24,82.18,48.66,173.34,1,-1,-1,-1
179,1170,198.03,87.55,39.60,159.27,1,-1,-1,-1
